function g = Lshape()
%UNTITLED8 Summary of this function goes here
%   Detailed explanation goes here
g=[2 0 2 0 0 1 0;
    2 2 2 0 1 1 0;
    2 2 1 1 1 1 0;
    2 1 1 1 2 1 0;
    2 1 0 2 2 1 0;
    2 0 0 2 0 1 0]';

end

